01 02
01 07
01 10
01 00
01 00
01 00
01 30
01 03
01 24

80 40 <- Card says there is data
81 06 <- Card sends one byte of data

80 00 <- Card says there is no more data

01 05

80 40
81 02

80 40
81 06

80 40
81 10

80 40
81 61

80 40
81 30

80 40
81 30

80 40
81 03

80 40
81 74

80 00

01 02
01 06
01 20
01 00
01 00
01 00
01 03
01 25

80 40
81 06

80 00

01 05

80 40
81 02

80 40
81 06

80 40
81 20

80 40
81 61

80 40
81 30

80 40
81 30

80 40
81 03

80 40
81 44

80 00

01 02
01 07
01 d0
01 00
01 00
01 00
01 31
01 03
01 e5

80 40
81 06
80 00
01 05
80 40
81 02
80 40
81 06
80 40
81 d0
80 40
81 a1
80 40
81 30
80 40
81 30
80 40
81 03
80 40
81 74
80 00

01 02
01 06
01 80
01 00
01 00
01 00
01 03
01 85

80 40
81 06
80 00
01 05
80 40
81 02
80 40
81 06
80 40
81 80
80 40
81 60
80 40
81 30
80 40
81 30
80 40
81 03
80 40
81 e5
80 00
80 00
01 02
01 09
01 33
01 00
01 00
01 00
01 32
01 31
01 30
01 03
01 0a
80 40
81 06
80 00
01 05
80 40
81 02
80 40
81 06
80 40
81 33
80 40
81 60
80 40
81 30
80 40
81 34
80 40
81 03
80 40
81 52
80 00
01 05
80 40
81 02
80 40
81 06
80 40
81 33
80 40
81 61
80 40
81 30
80 40
81 34
80 40
81 03
80 40
81 53
80 00
01 05
80 40
81 02
80 40
81 06
80 40
81 33
80 40
81 61
80 40
81 30
80 40
81 34
80 40
81 03
80 40
81 53
80 00
01 05
80 40
81 02
80 40
81 06
80 40
81 33
80 40
81 61
80 40
81 30
80 40
81 34
80 40
81 03
80 40
81 53
80 00
01 05
80 40
81 02
80 40
81 06
80 40
81 33
80 40
81 61
80 40
81 30
80 40
81 34
80 40
81 03
80 40
81 53
80 00
01 05
80 40
81 02
80 40
81 06
80 40
81 33
80 40
81 61
80 40
81 30
80 40
81 34
80 40
81 03
80 40
81 53
80 00
01 05
80 40
81 02
80 40
81 06
80 40
81 33
80 40
81 61
80 40
81 30
80 40
81 34
80 40
81 03
80 40
81 53
80 00
01 05
80 40
81 02
80 40
81 06
80 40
81 33
80 40
81 61
80 40
81 30
80 40
81 34
80 40
81 03
80 40
81 53
80 00
01 05
80 40
81 02
80 40
81 06
80 40
81 33
80 40
81 61
80 40
81 30
80 40
81 34
80 40
81 03
80 40
81 53
80 00
01 05
80 40
81 02
80 40
81 06
80 40
81 33
80 40
81 61
80 40
81 30
80 40
81 34
80 40
81 03
80 40
81 53
80 00
01 05
80 40
81 02
80 40
81 06
80 40
81 33
80 40
81 61
80 40
81 30
80 40
81 34
80 40
81 03
80 40
81 53
80 00
01 05
80 40
81 02
80 40
81 06
80 40
81 33
80 40
81 61
80 40
81 30
80 40
81 34
80 40
81 03
80 40
81 53
80 00
01 05
80 40
81 02
80 40
81 06
80 40
81 33
80 40
81 61
80 40
81 30
80 40
81 34
80 40
81 03
80 40
81 53
80 00
01 05
80 40
81 02
80 40
81 06
80 40
81 33
80 40
81 61
80 40
81 30
80 40
81 34
80 40
81 03
80 40
81 53
80 00
01 05
80 40
81 02
80 40
81 06
80 40
81 33
80 40
81 61
80 40
81 30
80 40
81 34
80 40
81 03
80 40
81 53
80 00
01 05
80 40
81 02
80 40
81 06
80 40
81 33
80 40
81 61
80 40
81 30
80 40
81 34
80 40
81 03
80 40
81 53
80 00
01 05
80 40
81 02
80 40
81 06
80 40
81 33
80 40
81 61
80 40
81 30
80 40
81 34
80 40
81 03
80 40
81 53
80 00
01 05
80 40
81 02
80 40
81 06
80 40
81 33
80 40
81 61
80 40
81 30
80 40
81 34
80 40
81 03
80 40
81 53
80 00
01 05
80 40
81 02
80 40
81 06
80 40
81 33
80 40
81 61
80 40
81 30
80 40
81 34
80 40
81 03
80 40
81 53
80 00
01 05
80 40
81 02
80 40
81 06
80 40
81 33
80 40
81 61
80 40
81 30
80 40
81 34
80 40
81 03
80 40
81 53
80 00
01 05
80 40
81 02
80 40
81 06
80 40
81 33
80 40
81 61
80 40
81 30
80 00
80 40
81 34
80 40
81 03
80 40
81 53
80 00
01 05
80 40
81 02
80 40
81 06
80 40
81 33
80 40
81 61
80 40
81 30
80 40
81 34
80 40
81 03
80 40
81 53
80 00
01 05
80 40
81 02
80 40
81 06
80 40
81 33
80 40
81 61
80 40
81 30
80 40
81 34
80 40
81 03
80 40
81 53
80 00
01 05
80 40
81 02
80 40
81 06
80 40
81 33
80 40
81 61
80 40
81 30
80 40
81 34
80 40
81 03
80 40
81 53
80 00
01 05
80 40
81 02
80 40
81 06
80 40
81 33
80 40
81 61
80 40
81 30
80 40
81 34
80 40
81 03
80 40
81 53
80 00
01 05
80 40
81 02
80 40
81 06
80 40
81 33
80 40
81 61
80 40
81 30
80 40
81 34
80 40
81 03
80 40
81 53
80 00
01 05
80 40
81 02
80 40
81 06
80 40
81 33
80 40
81 61
80 40
81 30
80 40
81 34
80 40
81 03
80 40
81 53
80 00
01 05
80 40
81 02
80 40
81 06
80 40
81 33
80 40
81 61
80 40
81 30
80 40
81 34
80 40
81 03
80 40
81 53
80 00
01 05
80 40
81 02
80 40
81 06
80 40
81 33
80 40
81 61
80 40
81 30
80 40
81 34
80 40
81 03
80 40
81 53
80 00
01 05
80 40
81 02
80 40
81 06
80 40
81 33
80 40
81 61
80 40
81 30
80 40
81 34
80 40
81 03
80 40
81 53
80 00
01 05
80 40
81 02
80 40
81 06
80 40
81 33
80 40
81 61
80 40
81 30
80 00
80 40
81 34
80 40
81 03
80 40
81 53
80 00
01 05
80 40
81 02
80 40
81 06
80 40
81 33
80 40
81 61
80 40
81 30
80 40
81 34
80 40
81 03
80 40
81 53
80 00
01 05
80 40
81 02
80 40
81 06
80 40
81 33
80 40
81 61
80 40
81 30
80 40
81 34
80 40
81 03
80 40
81 53
80 00
01 05
80 40
81 02
80 40
81 06
80 40
81 33
80 40
81 61
80 40
81 30
80 40
81 34
80 40
81 03
80 40
81 53
80 00
01 05
80 40
81 02
80 40
81 06
80 40
81 33
80 40
81 61
80 40
81 30
80 40
81 34
80 40
81 03
80 40
81 53
80 00
01 05
80 40
81 02
80 40
81 06
80 40
81 33
80 40
81 61
80 40
81 30
80 40
81 34
80 40
81 03
80 40
81 53
80 00
01 05
80 40
81 02
80 40
81 06
80 40
81 33
80 40
81 61
80 40
81 30
80 40
81 34
80 40
81 03
80 40
81 53
80 00
01 05
80 40
81 02
80 40
81 06
80 40
81 33
80 40
81 61
80 40
81 30
80 40
81 34
80 40
81 03
80 40
81 53
80 00
01 05
80 40
81 02
80 40
81 06
80 40
81 33
80 40
81 61
80 40
81 30
80 40
81 34
80 40
81 03
80 40
81 53
80 00
01 05
80 40
81 02
80 40
81 06
80 40
81 33
80 40
81 61
80 40
81 30
80 40
81 34
80 40
81 03
80 40
81 53
80 00
01 05
80 40
81 02
80 40
81 06
80 40
81 33
80 40
81 61
80 40
81 30
80 00
80 40
81 34
80 40
81 03
80 40
81 53
80 00
01 05
80 40
81 02
80 40
81 06
80 40
81 33
80 40
81 61
80 40
81 30
80 40
81 34
80 40
81 03
80 40
81 53
80 00
01 05
80 40
81 02
80 40
81 06
80 40
81 33
80 40
81 61
80 40
81 30
80 40
81 34
80 40
81 03
80 40
81 53
80 00
01 05
80 40
81 02
80 40
81 06
80 40
81 33
80 40
81 61
80 40
81 30
80 40
81 34
80 40
81 03
80 40
81 53
80 00
01 05
80 40
81 02
80 40
81 06
80 40
81 33
80 40
81 61
80 40
81 30
80 40
81 34
80 40
81 03
80 40
81 53
80 00
01 05
80 40
81 02
80 40
81 06
80 40
81 33
80 40
81 61
80 40
81 30
80 40
81 34
80 40
81 03
80 40
81 53
80 00
01 05
80 40
81 02
80 40
81 06
80 40
81 33
80 40
81 61
80 40
81 30
80 40
81 34
80 40
81 03
80 40
81 53
80 00
01 05
80 40
81 02
80 40
81 06
80 40
81 33
80 40
81 61
80 40
81 30
80 40
81 34
80 40
81 03
80 40
81 53
80 00
01 05
80 40
81 02
80 40
81 06
80 40
81 33
80 40
81 61
80 40
81 30
80 40
81 34
80 40
81 03
80 40
81 53
80 00
01 05
80 40
81 02
80 40
81 06
80 40
81 33
80 40
81 61
80 40
81 30
80 40
81 34
80 40
81 03
80 40
81 53
80 00
01 05
80 40
81 02
80 40
81 06
80 40
81 33
80 40
81 61
80 40
81 30
80 00
80 40
81 34
80 40
81 03
80 40
81 53
80 00
01 05
80 40
81 02
80 40
81 06
80 40
81 33
80 40
81 61
80 40
81 30
80 40
81 34
80 40
81 03
80 40
81 53
80 00
01 05
80 40
81 02
80 40
81 06
80 40
81 33
80 40
81 61
80 40
81 30
80 40
81 34
80 40
81 03
80 40
81 53
80 00
01 05
80 40
81 02
80 40
81 06
80 40
81 33
80 40
81 61
80 40
81 30
80 40
81 34
80 40
81 03
80 40
81 53
80 00
01 05
80 40
81 02
80 40
81 06
80 40
81 33
80 40
81 61
80 40
81 30
80 40
81 34
80 40
81 03
80 40
81 53
80 00
01 05
80 40
81 02
80 40
81 06
80 40
81 33
80 40
81 61
80 40
81 30
80 40
81 34
80 40
81 03
80 00
80 40
81 53
80 00
01 05
80 40
81 02
80 40
81 06
80 40
81 33
80 40
81 61
80 40
81 30
80 40
81 34
80 40
81 03
80 40
81 53
80 00
01 05
80 40
81 02
80 40
81 06
80 40
81 33
80 40
81 61
80 40
81 30
80 40
81 34
80 40
81 03
80 40
81 53
80 00
01 05
80 40
81 02
80 40
81 06
80 40
81 33
80 40
81 61
80 40
81 30
80 40
81 34
80 40
81 03
80 40
81 53
80 00
01 05
80 40
81 02
80 40
81 06
80 40
81 33
80 40
81 61
80 40
81 30
80 40
81 34
80 40
81 03
80 40
81 53
80 00
01 05
80 40
81 02
80 40
81 06
80 40
81 33
80 40
81 61
80 40
81 30
80 40
81 34
80 40
81 03
80 40
81 53
80 00
01 05
80 40
81 02
80 40
81 06
80 40
81 33
80 40
81 61
80 40
81 30
80 40
81 34
80 40
81 03
80 40
81 53
80 00
01 05
80 40
81 02
80 40
81 06
80 40
81 33
80 40
81 61
80 40
81 30
80 40
81 34
80 40
81 03
80 40
81 53
80 00
01 05
80 40
81 02
80 40
81 06
80 40
81 33
80 40
81 61
80 40
81 30
80 40
81 34
80 40
81 03
80 40
81 53
80 00
01 05
